1309
228
51
1518
563
501
457
285
1508
209
1385
1516
1116
178
1209
864
65
61
191
447
476
1034
1232
54
1149
407
1466
1330
1436
1582
859
451
919
1206
569
13
1554
326
1429
865
696
1560
318
440
689
1585
189
778
198
735
704
1236
541
88
1494
940
1098
255
775
161
1130
600
1287
1266
740
1182
393
1442
142
93
1354
466
592
163
1574
206
1547
1553
928
1301
747
333
758
727
429
1372
546
1437
1399
1327
146
1247
1300
350
1093
1493
1589
334
946
777
552
1310
1409
1140
449
1402
664
114
469
1578
646
821
548
135
432
1161
1470
644
435
1342
1022
810
1316
939
292
542
1587
505
1570
1103
538
1197
877
1195
817
741
1490
283
1043
1010
186
96
224
313
1285
327
1393
1579
1221
130
788
781
1220
958
1083
514
1133
23
1448
234
1396
1099
1586
1312
1558
1593
601
890
323
929
6
539
1025
365
1039
217
1280
611
1308
1420
1503
1569
1451
765
330
1104
1086
1
1226
663
1000
39
229
743
629
490
118
493
1479
1535
175
995
141
1090
257
262
1351
973
1125
338
1469
1080
1242
866
433
1492
411
638
1460
1375
1567
764
897
1059
924
247
507
460
131
692
43
1204
1134
471
1205
1563
14
145
1292
120
468
138
64
676
1357
1052
487
570
994
438
1379
270
1169
1180
968
497
1340
833
389
193
1546
882
725
867
841
956
110
1323
201
124
824
694
223
509
392
1336
1538
918
287
1447
375
1347
947
511
154
907
1127
200
103
1107
30
1576
484
340
832
1346
985
437
1483
1355
337
776
4
799
543
931
584
1381
1138
996
317
388
607
445
119
1186
1110
1325
642
117
102
1196
976
1029
1087
322
116
1040
164
380
140
1218
139
481
826
245
1166
504
1185
1217
81
167
858
1461
1157
1070
647
534
418
643
488
1290
1473
268
614
936
1248
148
19
938
1153
204
150
1101
436
1036
1243
271
714
1264
500
756
583
1426
1509
1112
619
1440
16
1135
613
212
275
1542
236
219
1438
1552
557
577
431
702
416
540
1035
1404
1439
104
1548
1331
566
90
7
683
267
536
1410
904
1129
875
1148
1543
1489
1499
305
1117
73
1223
1131
303
880
261
85
631
746
1254
732
430
1311
210
724
1146
1502
316
1302
332
362
844
50
367
680
843
508
1432
1557
221
783
79
963
455
408
942
716
625
1523
456
48
395
816
672
1313
1526
571
719
1456
818
1318
678
56
1210
1414
1421
1228
78
222
889
707
1276
893
1047
1386
1444
1319
521
1193
1565
3
1064
1102
403
745
883
143
1388
1179
1537
615
1038
633
836
668
1324
605
260
1320
861
1293
356
616
831
0
622
587
1167
1174
659
952
1187
905
1297
1046
969
347
173
581
1055
686
1303
1261
635
1367
1413
301
1156
94
1498
1387
149
932
848
398
786
1012
1279
499
302
11
218
870
448
360
951
1274
510
248
934
273
1534
649
906
1033
873
913
325
972
921
530
506
567
992
489
562
450
1147
730
1478
240
278
343
1449
914
553
82
1392
1181
1114
1391
710
156
723
1580
1485
424
417
1584
555
477
425
63
211
852
1081
1054
926
1113
598
1338
712
20
1462
901
1184
589
1219
1244
1424
965
1044
1341
771
399
1573
1032
855
1510
551
1411
752
559
819
617
1562
225
1050
1452
279
446
1339
29
1422
344
684
695
1376
414
1459
169
860
478
941
1445
637
1151
27
1583
1105
606
1360
1416
945
1172
658
1345
1353
887
472
1454
1592
266
1283
335
216
465
1497
345
779
900
925
284
770
851
1363
258
854
83
1066
1183
767
1540
53
358
1529
665
70
1291
667
41
772
31
253
1233
1564
986
636
1006
244
129
1160
685
1275
937
1322
1520
1142
1389
785
377
171
620
621
988
1545
885
796
838
1253
1207
1328
1522
26
319
982
693
384
406
1168
203
77
1235
1118
850
1100
1267
1463
713
791
308
700
1240
1500
123
815
579
801
42
355
545
1056
677
379
984
518
1405
349
12
993
1371
108
443
370
650
470
1164
1427
1281
180
751
1124
666
276
630
1073
793
495
1333
1441
748
856
274
1188
251
1541
1468
461
249
768
475
1222
624
953
917
954
1329
1027
1159
1539
961
1419
363
264
348
286
610
718
282
1517
10
529
195
87
1369
737
1202
1224
568
246
971
1348
661
728
502
458
17
95
1062
226
950
708
800
1412
679
595
878
930
1194
1122
352
1476
1590
1199
977
1176
464
277
755
1390
1009
1250
197
1446
122
1482
706
1273
196
1568
811
1457
603
537
1417
289
1042
1334
1175
232
369
183
309
1358
1143
888
280
46
55
750
299
911
653
1373
105
830
1082
291
480
1506
1359
784
188
52
912
1024
1268
66
410
503
75
590
1477
1571
155
152
576
311
1536
254
121
1132
426
876
782
1096
231
535
981
1374
453
304
602
439
312
582
1065
1577
871
101
1213
640
923
1343
910
160
1259
177
565
76
1109
2
1246
669
608
909
298
33
237
295
1005
742
72
239
655
726
202
1514
872
1561
230
1191
272
1350
1178
766
948
314
609
1162
639
1458
127
479
681
412
1017
512
1200
1467
1045
1349
40
442
805
256
1555
1525
1435
863
21
1212
687
898
179
1245
531
452
916
185
809
1550
1428
593
1270
1484
341
328
107
1531
1294
421
1368
618
690
1170
37
922
1278
1269
1505
331
1398
413
526
1407
999
473
423
1007
192
1028
825
1041
591
1078
208
1097
134
294
1068
496
1277
792
652
162
868
715
1001
761
628
1365
1425
1295
157
1023
853
1111
959
997
494
483
1177
467
1237
1008
1088
520
1262
71
780
1002
697
813
1238
1377
1272
828
1260
1229
1556
597
774
176
170
1337
390
612
1335
233
998
842
820
1453
357
734
1019
1020
1418
837
397
1165
22
749
381
242
361
525
415
522
736
339
405
420
1513
857
895
18
1352
739
1049
1255
547
927
1575
1480
962
1095
269
990
1192
1443
660
1549
1491
1370
1021
38
1018
400
1481
1071
1315
354
1252
790
753
1230
168
441
920
515
194
485
320
1155
794
564
949
1361
1434
35
671
1058
1501
147
1332
382
711
1120
1061
670
324
744
645
227
1415
839
153
1211
1507
166
28
1572
717
1067
220
74
125
1227
1594
513
1085
92
1154
89
807
1488
1128
1284
396
773
754
532
1139
709
738
1150
944
235
1265
1263
1356
238
560
346
1400
80
572
759
675
300
574
1015
787
353
128
459
1455
1079
491
849
886
1239
705
492
404
549
151
517
1048
578
632
1225
376
980
25
310
386
1504
814
967
978
112
1031
97
1201
1158
834
321
49
329
892
158
462
762
296
789
67
798
463
869
933
1528
722
434
1234
187
974
673
1532
84
1366
769
1384
943
58
662
698
891
115
444
802
846
588
373
763
733
806
1450
1401
1430
550
454
190
966
699
241
703
533
113
32
657
847
1145
59
519
1144
908
795
252
1075
1249
1231
69
721
288
731
214
554
428
797
250
674
1474
243
626
8
368
1060
1511
1258
528
1189
60
1115
1137
342
1394
1030
1069
1464
165
91
15
359
604
1286
896
364
955
422
1072
585
1288
957
1521
627
5
987
1326
1214
62
829
544
144
1013
1495
1163
1011
1076
1382
1299
1190
307
263
556
1091
729
1084
1383
293
641
1289
823
44
1431
1527
979
1077
1108
835
1119
207
1282
812
975
1530
1559
215
580
983
1074
1216
1378
1487
527
306
899
935
385
1026
1126
1037
516
133
561
1344
1053
1533
1397
1256
109
1471
964
822
970
1051
184
1496
1515
594
297
862
654
474
701
688
845
1317
1251
281
881
1519
1152
1551
1524
1544
86
1141
884
106
586
1004
523
960
1406
903
374
47
634
394
1123
804
1465
1408
1591
720
1208
682
1423
760
1203
1306
524
1241
648
290
1298
100
840
174
159
915
45
1106
387
596
36
1321
1403
1581
336
1089
902
1305
383
623
558
378
182
99
366
409
427
126
371
172
1472
34
498
1588
879
803
1364
1121
199
111
651
9
1362
98
137
808
205
315
1271
573
402
1433
1173
259
24
1136
136
989
1094
181
599
1257
132
1486
68
1171
57
1380
1057
1566
482
894
991
874
827
1304
757
419
575
1014
1215
1475
351
1003
401
213
1092
691
1314
656
391
486
1395
1063
1512
1198
1016
1296
1307
265
372
